1 122 5
1 185 5
1 231 5
1 292 5
1 316 5
1 329 5
1 355 5
1 356 5
1 362 5
1 364 5
2 110 5
2 151 3
2 260 5
2 376 3
2 539 3
2 590 5
2 648 2
2 719 3
2 733 3
2 736 3
3 110 4.5
3 151 4.5
3 213 5
3 590 3.5
3 1148 4
3 1246 4
3 1252 4
3 1276 3.5
3 1288 3
3 1408 3.5
4 21 3
4 34 5
4 39 3
4 110 5
4 150 5
4 153 5
4 161 5
4 165 5
4 208 3
4 231 1
5 1 1
5 7 3
5 25 3
5 28 3
5 30 5
5 32 5
5 47 5
5 52 4
5 57 3
5 58 3
6 32 5
6 260 5
6 349 4
6 457 5
6 858 5
6 1193 5
6 1196 5
6 1197 5
6 1198 4
6 1264 4
7 32 4
7 50 4
7 101 4.5
7 260 3
7 541 2
7 593 3
7 599 5
7 608 5
7 800 4
7 899 5
8 2 2.5
8 5 3
8 6 4
8 16 3
8 19 3.5
8 22 2.5
8 31 3.5
8 32 4
8 34 3
8 36 3.5
9 50 5
9 104 2
9 235 5
9 920 2.5
9 1080 4
9 1230 3.5
9 1288 5
9 1380 2.5
9 1500 5
9 1653 4.5
10 4 3
10 7 3
10 17 4
10 21 5
10 25 3
10 34 4
10 36 4
10 42 4
10 58 3
10 62 4